Key,Id,English(en),French(fr)
START,875179847680,Start,Commencer
SETTINGS,903533342720,Settings,Paramètres
EXIT,1005345878016,Exit,Quitter
